0.000000000000000000e+00,3.969550974836635326e-01
1.000000000000000000e+00,1.322123971200677983e-01
2.000000000000000000e+00,-1.112279997827821942e-01
3.000000000000000000e+00,5.827948582708597502e-01
4.000000000000000000e+00,3.767513469089784905e-01
5.000000000000000000e+00,8.624649382217725035e-02
6.000000000000000000e+00,3.182803018432588393e-01
7.000000000000000000e+00,6.010357242402438738e-01
8.000000000000000000e+00,3.751736964909045957e-01
9.000000000000000000e+00,1.084427322130610216e+00
1.000000000000000000e+01,8.559081778789984218e-01
1.100000000000000000e+01,6.657618260473863181e-01
1.200000000000000000e+01,7.225837506271779453e-01
1.300000000000000000e+01,8.855222292684457042e-01
1.400000000000000000e+01,9.228425617841452544e-01
1.500000000000000000e+01,1.625166505423742525e+00
1.600000000000000000e+01,1.066784882112243427e+00
1.700000000000000000e+01,1.122270402840323866e+00
1.800000000000000000e+01,1.319112253344562280e+00
1.900000000000000000e+01,1.751228217078761196e+00
2.000000000000000000e+01,1.791737614231806441e+00
2.100000000000000000e+01,1.886020764893373336e+00
2.200000000000000000e+01,1.732701625070107276e+00
2.300000000000000000e+01,2.407457393283753078e+00
2.400000000000000000e+01,2.051505323159551697e+00
2.500000000000000000e+01,2.696529285414422272e+00
2.600000000000000000e+01,2.445107577246409036e+00
2.700000000000000000e+01,2.212158174295458135e+00
2.800000000000000000e+01,2.879565554387074400e+00
2.900000000000000000e+01,2.576278417923702158e+00
3.000000000000000000e+01,2.649660006275922797e+00
3.100000000000000000e+01,2.994444456832659807e+00
3.200000000000000000e+01,2.514657915504184160e+00
3.300000000000000000e+01,3.334734340522794493e+00
3.400000000000000000e+01,3.314870746215292208e+00
3.500000000000000000e+01,3.326748076027602252e+00
3.600000000000000000e+01,2.864749263711313887e+00
3.700000000000000000e+01,3.472147183397896519e+00
3.800000000000000000e+01,3.539587197355511083e+00
3.900000000000000000e+01,3.395533452505299810e+00
4.000000000000000000e+01,3.299896219187230972e+00
4.100000000000000000e+01,3.926201459510759051e+00
4.200000000000000000e+01,3.609043372654475945e+00
4.300000000000000000e+01,3.409095096261024693e+00
4.400000000000000000e+01,4.341131616228588896e+00
4.500000000000000000e+01,3.672090958977705100e+00
4.600000000000000000e+01,3.659184578217081540e+00
4.700000000000000000e+01,3.906733785558504035e+00
4.800000000000000000e+01,4.530621736564114599e+00
4.900000000000000000e+01,4.357364375137923851e+00
5.000000000000000000e+01,4.680171862625727819e+00
5.100000000000000000e+01,3.981073314457254320e+00
5.200000000000000000e+01,4.345196063202930503e+00
5.300000000000000000e+01,4.259382836241447201e+00
5.400000000000000000e+01,5.036204206131184691e+00
5.500000000000000000e+01,4.482312219236098016e+00
5.600000000000000000e+01,5.007043231666322924e+00
5.700000000000000000e+01,5.192808073576493655e+00
5.800000000000000000e+01,4.549439146890986940e+00
5.900000000000000000e+01,4.984234545083193524e+00
6.000000000000000000e+01,4.772441585042097145e+00
6.100000000000000000e+01,5.468355948237950237e+00
6.200000000000000000e+01,5.160162962426044331e+00
6.300000000000000000e+01,5.015441999756800939e+00
6.400000000000000000e+01,5.140501197855642523e+00
6.500000000000000000e+01,5.504613132098797657e+00
6.600000000000000000e+01,5.957101482462103803e+00
6.700000000000000000e+01,5.468460181804740472e+00
6.800000000000000000e+01,5.241947708835349218e+00
6.900000000000000000e+01,6.055196527685821728e+00
7.000000000000000000e+01,5.859825916544993518e+00
7.100000000000000000e+01,5.967352112880454307e+00
7.200000000000000000e+01,6.332581890225729815e+00
7.300000000000000000e+01,6.570196487584416545e+00
7.400000000000000000e+01,6.192543558370749324e+00
7.500000000000000000e+01,6.007295618903567558e+00
7.600000000000000000e+01,6.208088923692210770e+00
7.700000000000000000e+01,6.512129526674683255e+00
7.800000000000000000e+01,6.749329731087923889e+00
7.900000000000000000e+01,6.204368458044373646e+00
8.000000000000000000e+01,6.583921297126940964e+00
8.100000000000000000e+01,6.640934559949592142e+00
8.200000000000000000e+01,6.731892488768777660e+00
8.300000000000000000e+01,6.976645907474118502e+00
8.400000000000000000e+01,6.653513584943152814e+00
8.500000000000000000e+01,7.093488452135638056e+00
8.600000000000000000e+01,7.261740675404237066e+00
8.700000000000000000e+01,6.574816863337016315e+00
8.800000000000000000e+01,6.846552493395448913e+00
8.900000000000000000e+01,7.282534810221326538e+00
9.000000000000000000e+01,6.914218960992246643e+00
9.100000000000000000e+01,7.549977470254749967e+00
9.200000000000000000e+01,7.660802966702322969e+00
9.300000000000000000e+01,6.979951289289917149e+00
9.400000000000000000e+01,7.244301804499333031e+00
9.500000000000000000e+01,7.944031089331521578e+00
9.600000000000000000e+01,8.060924318398493327e+00
9.700000000000000000e+01,7.633857936778691844e+00
9.800000000000000000e+01,8.005529936338504626e+00
9.900000000000000000e+01,8.249990549148199293e+00
1.000000000000000000e+02,7.562992768554757106e+00
1.010000000000000000e+02,8.345213883261624943e+00
1.020000000000000000e+02,7.733558047176883221e+00
1.030000000000000000e+02,8.383031582131996728e+00
1.040000000000000000e+02,7.795815395859958308e+00
1.050000000000000000e+02,8.211326491493322166e+00
1.060000000000000000e+02,8.493949362080531529e+00
1.070000000000000000e+02,8.421826905373961836e+00
1.080000000000000000e+02,8.368926275878958876e+00
1.090000000000000000e+02,8.254878334926916139e+00
1.100000000000000000e+02,8.077974410832757357e+00
1.110000000000000000e+02,8.023538135264029592e+00
1.120000000000000000e+02,8.625451219815333914e+00
1.130000000000000000e+02,8.094599833867931693e+00
1.140000000000000000e+02,8.204727514118390630e+00
1.150000000000000000e+02,8.428992949556841197e+00
1.160000000000000000e+02,8.352904585712742858e+00
1.170000000000000000e+02,9.059150465303957844e+00
1.180000000000000000e+02,8.612951252516257483e+00
1.190000000000000000e+02,8.781145818129813208e+00
1.200000000000000000e+02,9.042602030883324815e+00
1.210000000000000000e+02,8.739284591775428268e+00
1.220000000000000000e+02,9.016381769464011597e+00
1.230000000000000000e+02,8.754073944624584769e+00
1.240000000000000000e+02,8.879935716986818051e+00
1.250000000000000000e+02,9.452259882336578656e+00
1.260000000000000000e+02,9.233599708928615257e+00
1.270000000000000000e+02,8.676832865528718131e+00
1.280000000000000000e+02,8.979474544732383379e+00
1.290000000000000000e+02,9.196367344800997046e+00
1.300000000000000000e+02,9.190438654619528691e+00
1.310000000000000000e+02,9.385156391978418000e+00
1.320000000000000000e+02,9.312729973567728692e+00
1.330000000000000000e+02,9.055480758214834225e+00
1.340000000000000000e+02,9.503228159795140684e+00
1.350000000000000000e+02,9.718803258841671067e+00
1.360000000000000000e+02,9.151937228555544479e+00
1.370000000000000000e+02,9.302562391396332231e+00
1.380000000000000000e+02,9.492692895083528981e+00
1.390000000000000000e+02,9.277391252419533885e+00
1.400000000000000000e+02,9.781147196047898618e+00
1.410000000000000000e+02,9.521129928360808847e+00
1.420000000000000000e+02,9.845099973813921324e+00
1.430000000000000000e+02,9.214332343986333385e+00
1.440000000000000000e+02,9.666161116008339604e+00
1.450000000000000000e+02,9.662902576414408529e+00
1.460000000000000000e+02,9.889870628881823222e+00
1.470000000000000000e+02,1.001884540351852948e+01
1.480000000000000000e+02,9.937940516566879268e+00
1.490000000000000000e+02,1.009811046111915189e+01
1.500000000000000000e+02,9.741399846049608513e+00
1.510000000000000000e+02,9.679839962666545006e+00
1.520000000000000000e+02,9.768228636665037712e+00
1.530000000000000000e+02,1.011619455525427647e+01
1.540000000000000000e+02,1.030036922361342810e+01
1.550000000000000000e+02,9.969961401160620795e+00
1.560000000000000000e+02,9.902971134837470046e+00
1.570000000000000000e+02,9.745298301357836479e+00
1.580000000000000000e+02,9.637842073598285708e+00
1.590000000000000000e+02,9.653552845907361402e+00
1.600000000000000000e+02,1.036118116004251100e+01
1.610000000000000000e+02,9.916952575428377159e+00
1.620000000000000000e+02,1.021539286194158613e+01
1.630000000000000000e+02,9.632411314318403583e+00
1.640000000000000000e+02,1.015425084187113569e+01
1.650000000000000000e+02,9.687825731089789727e+00
1.660000000000000000e+02,1.042763038040095580e+01
1.670000000000000000e+02,1.008258849040797323e+01
1.680000000000000000e+02,1.007362601458790152e+01
1.690000000000000000e+02,1.002252779704084773e+01
1.700000000000000000e+02,1.019595704841661998e+01
1.710000000000000000e+02,9.903623294936119592e+00
1.720000000000000000e+02,1.029847349648353649e+01
1.730000000000000000e+02,9.672398480049766434e+00
1.740000000000000000e+02,9.592092315964842797e+00
1.750000000000000000e+02,1.005835095539105950e+01
1.760000000000000000e+02,1.037687940555919042e+01
1.770000000000000000e+02,9.962332273181186082e+00
1.780000000000000000e+02,1.007608706294005430e+01
1.790000000000000000e+02,9.607267826729044558e+00
1.800000000000000000e+02,1.022645919257474567e+01
1.810000000000000000e+02,9.987639797335722491e+00
1.820000000000000000e+02,9.984320786491313271e+00
1.830000000000000000e+02,1.042884193917577562e+01
1.840000000000000000e+02,9.741723058286572368e+00
1.850000000000000000e+02,9.780391975214802969e+00
1.860000000000000000e+02,1.028577237019032786e+01
1.870000000000000000e+02,9.761028630601312983e+00
1.880000000000000000e+02,1.035310291232339530e+01
1.890000000000000000e+02,1.038535528909045880e+01
1.900000000000000000e+02,9.455705889447692414e+00
1.910000000000000000e+02,9.590762910068814762e+00
1.920000000000000000e+02,9.457724432592723218e+00
1.930000000000000000e+02,1.031088726941775668e+01
1.940000000000000000e+02,1.025722120734525866e+01
1.950000000000000000e+02,9.708980414134932957e+00
1.960000000000000000e+02,9.697026095288562075e+00
1.970000000000000000e+02,9.454605411816247695e+00
1.980000000000000000e+02,1.019224997065494165e+01
1.990000000000000000e+02,9.546160841726702984e+00
2.000000000000000000e+02,9.516218091458867434e+00
2.010000000000000000e+02,1.020019224693469617e+01
2.020000000000000000e+02,9.464644886376669675e+00
2.030000000000000000e+02,9.387928257564722045e+00
2.040000000000000000e+02,9.586449986542303847e+00
2.050000000000000000e+02,9.483055476655559701e+00
2.060000000000000000e+02,9.964292573056802382e+00
2.070000000000000000e+02,9.561410216293939612e+00
2.080000000000000000e+02,9.673971117746493320e+00
2.090000000000000000e+02,9.263482040380390359e+00
2.100000000000000000e+02,9.131032741702505007e+00
2.110000000000000000e+02,9.650043649539945534e+00
2.120000000000000000e+02,9.688286811638334939e+00
2.130000000000000000e+02,9.697002140646118207e+00
2.140000000000000000e+02,9.122911963138889746e+00
2.150000000000000000e+02,9.175436286174289080e+00
2.160000000000000000e+02,9.274156052536385531e+00
2.170000000000000000e+02,9.391388398749597854e+00
2.180000000000000000e+02,9.250484236599159971e+00
2.190000000000000000e+02,9.662190310158750961e+00
2.200000000000000000e+02,9.008889142983905529e+00
2.210000000000000000e+02,8.898678650913009136e+00
2.220000000000000000e+02,9.089204432785432886e+00
2.230000000000000000e+02,8.839471179552935709e+00
2.240000000000000000e+02,9.514337464856415849e+00
2.250000000000000000e+02,8.604703481423658928e+00
2.260000000000000000e+02,9.176129533715965181e+00
2.270000000000000000e+02,9.421929378374180430e+00
2.280000000000000000e+02,8.748272575106714299e+00
2.290000000000000000e+02,9.319775983148359089e+00
2.300000000000000000e+02,8.399539102408992264e+00
2.310000000000000000e+02,9.068776913728168410e+00
2.320000000000000000e+02,8.367128296311005187e+00
2.330000000000000000e+02,9.168029689693677042e+00
2.340000000000000000e+02,8.519103508116769419e+00
2.350000000000000000e+02,8.431137984953961606e+00
2.360000000000000000e+02,8.417920633142340847e+00
2.370000000000000000e+02,8.428123162594014062e+00
2.380000000000000000e+02,7.954611684180068032e+00
2.390000000000000000e+02,7.917987796771051023e+00
2.400000000000000000e+02,8.351333699858797033e+00
2.410000000000000000e+02,7.883956536892597455e+00
2.420000000000000000e+02,7.909982300322607074e+00
2.430000000000000000e+02,8.640288652915627310e+00
2.440000000000000000e+02,7.787737997853778182e+00
2.450000000000000000e+02,8.442494601008766253e+00
2.460000000000000000e+02,7.724023658341028664e+00
2.470000000000000000e+02,7.676334598466268311e+00
2.480000000000000000e+02,8.328574395600114144e+00
2.490000000000000000e+02,8.264951315928712461e+00
2.500000000000000000e+02,7.999275935076910926e+00
2.510000000000000000e+02,7.311145163501185706e+00
2.520000000000000000e+02,7.308690222393637193e+00
2.530000000000000000e+02,7.980170048373634195e+00
2.540000000000000000e+02,7.556018420965559201e+00
2.550000000000000000e+02,7.270907843232667922e+00
2.560000000000000000e+02,7.097599325316386043e+00
2.570000000000000000e+02,7.682706877467730955e+00
2.580000000000000000e+02,7.051937743576193185e+00
2.590000000000000000e+02,7.188211402430592756e+00
2.600000000000000000e+02,7.127903110388174035e+00
2.610000000000000000e+02,7.002501829135965750e+00
2.620000000000000000e+02,6.819990391377924510e+00
2.630000000000000000e+02,6.569738895439378723e+00
2.640000000000000000e+02,6.585196998571053228e+00
2.650000000000000000e+02,7.103906117231448825e+00
2.660000000000000000e+02,7.052008438730874573e+00
2.670000000000000000e+02,6.699646872229137351e+00
2.680000000000000000e+02,6.616326528251113892e+00
2.690000000000000000e+02,7.122843014800920081e+00
2.700000000000000000e+02,7.093746019389977064e+00
2.710000000000000000e+02,6.411599149363981454e+00
2.720000000000000000e+02,6.547475350879368605e+00
2.730000000000000000e+02,6.292657308133457583e+00
2.740000000000000000e+02,6.462727815680850973e+00
2.750000000000000000e+02,6.436448208877837196e+00
2.760000000000000000e+02,6.486055387243523818e+00
2.770000000000000000e+02,6.325089390743322326e+00
2.780000000000000000e+02,6.638468631394315977e+00
2.790000000000000000e+02,6.275363210575821249e+00
2.800000000000000000e+02,6.287025912339071709e+00
2.810000000000000000e+02,6.687432071166082181e+00
2.820000000000000000e+02,7.101495068493586693e+00
2.830000000000000000e+02,6.650670782213819798e+00
2.840000000000000000e+02,7.226267007844278112e+00
2.850000000000000000e+02,7.137964555652903442e+00
2.860000000000000000e+02,7.727267299003129253e+00
2.870000000000000000e+02,7.670533001575511989e+00
2.880000000000000000e+02,7.726668777965987722e+00
2.890000000000000000e+02,8.206260857355957228e+00
2.900000000000000000e+02,8.583907037564024733e+00
2.910000000000000000e+02,8.475724592035145832e+00
2.920000000000000000e+02,9.064618301617858975e+00
2.930000000000000000e+02,8.689136975879462099e+00
2.940000000000000000e+02,9.297496531695976785e+00
2.950000000000000000e+02,9.466988423177653544e+00
2.960000000000000000e+02,9.190141840395678940e+00
2.970000000000000000e+02,9.736914899444705895e+00
2.980000000000000000e+02,9.555443530864106805e+00
2.990000000000000000e+02,8.992874772695255814e+00
3.000000000000000000e+02,9.744134021884098829e+00
3.010000000000000000e+02,9.599630122879663219e+00
3.020000000000000000e+02,9.448309698504626652e+00
3.030000000000000000e+02,9.165238791347885439e+00
3.040000000000000000e+02,8.535376225959797836e+00
3.050000000000000000e+02,8.459854507998457507e+00
3.060000000000000000e+02,8.390398970024481429e+00
3.070000000000000000e+02,8.058849828243953795e+00
3.080000000000000000e+02,7.546734650887136908e+00
3.090000000000000000e+02,7.099854611748072308e+00
3.100000000000000000e+02,6.695341175292885083e+00
3.110000000000000000e+02,6.101156056167260644e+00
3.120000000000000000e+02,5.930538194868343993e+00
3.130000000000000000e+02,5.241120126539740909e+00
3.140000000000000000e+02,4.792883634823080108e+00
3.150000000000000000e+02,5.037286694098349393e+00
3.160000000000000000e+02,4.471495703192264415e+00
3.170000000000000000e+02,4.566092243544635387e+00
3.180000000000000000e+02,3.359886969211449692e+00
3.190000000000000000e+02,3.500972203401596428e+00
3.200000000000000000e+02,3.100756332646550373e+00
3.210000000000000000e+02,2.692457928639325093e+00
3.220000000000000000e+02,2.437529888856471594e+00
3.230000000000000000e+02,2.463626741356090832e+00
3.240000000000000000e+02,2.704209400870441371e+00
3.250000000000000000e+02,2.775555926151655584e+00
3.260000000000000000e+02,2.323583734766253794e+00
3.270000000000000000e+02,1.852216138622218455e+00
3.280000000000000000e+02,2.370768424908487493e+00
3.290000000000000000e+02,2.020340566798819015e+00
3.300000000000000000e+02,1.886053569256589180e+00
3.310000000000000000e+02,1.810789417285982417e+00
3.320000000000000000e+02,1.875286612386851459e+00
3.330000000000000000e+02,1.085622326912115909e+00
3.340000000000000000e+02,9.751126994126696479e-01
3.350000000000000000e+02,1.574867542415279154e+00
3.360000000000000000e+02,1.075000757089130454e+00
3.370000000000000000e+02,1.385489290915602023e+00
3.380000000000000000e+02,6.187005963837859390e-01
3.390000000000000000e+02,1.410727804906935834e+00
3.400000000000000000e+02,4.555138827305903471e-01
3.410000000000000000e+02,6.899249696873093196e-01
3.420000000000000000e+02,3.673587570274836622e-01
3.430000000000000000e+02,6.698245017894884912e-01
3.440000000000000000e+02,5.095855966613517252e-01
3.450000000000000000e+02,5.729113317255760812e-02
3.460000000000000000e+02,-4.789724111576264959e-02
3.470000000000000000e+02,3.711330780669178653e-01
3.480000000000000000e+02,9.610790457208251425e-02
3.490000000000000000e+02,1.681201027786645708e-01
3.500000000000000000e+02,-1.799058619136108816e-01
3.510000000000000000e+02,9.003685096563483758e-02
3.520000000000000000e+02,-7.587204749406739612e-02
3.530000000000000000e+02,-4.590867303709771918e-01
3.540000000000000000e+02,-3.061089427170657351e-01
3.550000000000000000e+02,-6.354038677355859921e-01
3.560000000000000000e+02,-8.667484613334361931e-01
3.570000000000000000e+02,-1.533076585733436359e-01
3.580000000000000000e+02,-7.387500891114067159e-01
3.590000000000000000e+02,-8.476663271486465367e-01
3.600000000000000000e+02,-8.548215181080459635e-01
3.610000000000000000e+02,-1.323443355778517461e+00
3.620000000000000000e+02,-1.139957717190366981e+00
3.630000000000000000e+02,-1.277012147089771732e+00
3.640000000000000000e+02,-1.589117974657199284e+00
3.650000000000000000e+02,-1.320394899487876472e+00
3.660000000000000000e+02,-1.478353440807894659e+00
3.670000000000000000e+02,-1.103664315030583820e+00
3.680000000000000000e+02,-2.020978821981082252e+00
3.690000000000000000e+02,-1.255971629588335636e+00
3.700000000000000000e+02,-1.714442828927555285e+00
3.710000000000000000e+02,-1.912020555976678082e+00
3.720000000000000000e+02,-1.583455073892589660e+00
3.730000000000000000e+02,-1.735615782503213689e+00
3.740000000000000000e+02,-1.819802922623298347e+00
3.750000000000000000e+02,-2.024293888278816400e+00
3.760000000000000000e+02,-2.183753395754791438e+00
3.770000000000000000e+02,-2.613358290331332601e+00
3.780000000000000000e+02,-2.167445121132153041e+00
3.790000000000000000e+02,-2.703835503510108929e+00
3.800000000000000000e+02,-3.000698775544315744e+00
3.810000000000000000e+02,-2.772744389173913859e+00
3.820000000000000000e+02,-2.929073996962602955e+00
3.830000000000000000e+02,-2.616155876601527375e+00
3.840000000000000000e+02,-2.515315386168715417e+00
3.850000000000000000e+02,-2.766776128026296355e+00
3.860000000000000000e+02,-2.835229817597736623e+00
3.870000000000000000e+02,-3.116632758522448032e+00
3.880000000000000000e+02,-3.405243717062084841e+00
3.890000000000000000e+02,-3.702939109569800546e+00
3.900000000000000000e+02,-3.494455063000280415e+00
3.910000000000000000e+02,-3.611911494575613446e+00
3.920000000000000000e+02,-3.634266403880362262e+00
3.930000000000000000e+02,-3.435492065113768589e+00
3.940000000000000000e+02,-3.620579645977846539e+00
3.950000000000000000e+02,-4.012373968339417729e+00
3.960000000000000000e+02,-3.668359201126828673e+00
3.970000000000000000e+02,-3.656863781811285463e+00
3.980000000000000000e+02,-3.798720517235088412e+00
3.990000000000000000e+02,-4.652903352445700413e+00
4.000000000000000000e+02,-4.157528269610527794e+00
4.010000000000000000e+02,-4.807082489637846123e+00
4.020000000000000000e+02,-4.815540191920446134e+00
4.030000000000000000e+02,-4.930155246044278350e+00
4.040000000000000000e+02,-4.848116016227542957e+00
4.050000000000000000e+02,-4.895691988110479898e+00
4.060000000000000000e+02,-4.747367171942861397e+00
4.070000000000000000e+02,-4.989431826684774585e+00
4.080000000000000000e+02,-4.838252814636237353e+00
4.090000000000000000e+02,-4.926081522546152947e+00
4.100000000000000000e+02,-5.394889540747624501e+00
4.110000000000000000e+02,-5.273106979324478694e+00
4.120000000000000000e+02,-5.389992052465185424e+00
4.130000000000000000e+02,-4.952672198217774380e+00
4.140000000000000000e+02,-5.176184979701039524e+00
4.150000000000000000e+02,-5.410854640425707629e+00
4.160000000000000000e+02,-5.640007948913233093e+00
4.170000000000000000e+02,-5.330925422265085700e+00
4.180000000000000000e+02,-5.508473925576639729e+00
4.190000000000000000e+02,-5.641312218816443291e+00
4.200000000000000000e+02,-5.769109409288736501e+00
4.210000000000000000e+02,-5.481509888529923380e+00
4.220000000000000000e+02,-6.080948760563543942e+00
4.230000000000000000e+02,-6.474142220602614906e+00
4.240000000000000000e+02,-6.446240908732988828e+00
4.250000000000000000e+02,-6.454794338433636369e+00
4.260000000000000000e+02,-6.190092174201182296e+00
4.270000000000000000e+02,-6.566868100314724011e+00
4.280000000000000000e+02,-6.513781394125354396e+00
4.290000000000000000e+02,-6.372141779406159223e+00
4.300000000000000000e+02,-6.847377254276694636e+00
4.310000000000000000e+02,-6.504527480837943187e+00
4.320000000000000000e+02,-6.965964346323432643e+00
4.330000000000000000e+02,-7.004637150444038340e+00
4.340000000000000000e+02,-6.602681737228945025e+00
4.350000000000000000e+02,-6.961151989354806169e+00
4.360000000000000000e+02,-7.310879546611578128e+00
4.370000000000000000e+02,-7.158490688886733011e+00
4.380000000000000000e+02,-7.061482826013272707e+00
4.390000000000000000e+02,-6.688816834047040416e+00
4.400000000000000000e+02,-7.605266350538321340e+00
4.410000000000000000e+02,-7.755607855178189958e+00
4.420000000000000000e+02,-6.967386066887273799e+00
4.430000000000000000e+02,-7.382095766330633246e+00
4.440000000000000000e+02,-7.212673263410824376e+00
4.450000000000000000e+02,-7.121175123332186274e+00
4.460000000000000000e+02,-7.301188676121805443e+00
4.470000000000000000e+02,-7.856681403174163414e+00
4.480000000000000000e+02,-8.160158275130767080e+00
4.490000000000000000e+02,-7.835187503157982292e+00
4.500000000000000000e+02,-8.139723203160984966e+00
4.510000000000000000e+02,-7.715623579743763116e+00
4.520000000000000000e+02,-7.709442510619880728e+00
4.530000000000000000e+02,-8.369702307411923670e+00
4.540000000000000000e+02,-8.313908197506806985e+00
4.550000000000000000e+02,-8.577692567698408155e+00
4.560000000000000000e+02,-7.650529732724471899e+00
4.570000000000000000e+02,-8.486321201831813710e+00
4.580000000000000000e+02,-7.986763191054730981e+00
4.590000000000000000e+02,-8.689048570275131667e+00
4.600000000000000000e+02,-8.164473037148233914e+00
4.610000000000000000e+02,-8.603685864689181173e+00
4.620000000000000000e+02,-8.447107979433814862e+00
4.630000000000000000e+02,-8.726215570544127331e+00
4.640000000000000000e+02,-8.608115907488882002e+00
4.650000000000000000e+02,-8.586496459802001269e+00
4.660000000000000000e+02,-8.832449636094681367e+00
4.670000000000000000e+02,-8.756961940324865523e+00
4.680000000000000000e+02,-8.787042711826634545e+00
4.690000000000000000e+02,-8.663867998682238891e+00
4.700000000000000000e+02,-8.680582045827662796e+00
4.710000000000000000e+02,-9.039958090824937287e+00
4.720000000000000000e+02,-9.256375611143997872e+00
4.730000000000000000e+02,-9.399305260408567619e+00
4.740000000000000000e+02,-9.420380034347029863e+00
4.750000000000000000e+02,-8.914553233527078291e+00
4.760000000000000000e+02,-9.478105240732446646e+00
4.770000000000000000e+02,-9.576211082774225503e+00
4.780000000000000000e+02,-9.420099010761029845e+00
4.790000000000000000e+02,-9.566058788871213636e+00
4.800000000000000000e+02,-9.408054064773901715e+00
4.810000000000000000e+02,-8.734954253289512138e+00
4.820000000000000000e+02,-9.020957931163255950e+00
4.830000000000000000e+02,-9.264860312873418380e+00
4.840000000000000000e+02,-9.784347874515345822e+00
4.850000000000000000e+02,-9.554993879095604825e+00
4.860000000000000000e+02,-9.628042511639200995e+00
4.870000000000000000e+02,-9.651634557856924701e+00
4.880000000000000000e+02,-9.578654410940718122e+00
4.890000000000000000e+02,-9.130990176202356423e+00
4.900000000000000000e+02,-9.874762546173101896e+00
4.910000000000000000e+02,-9.802918830450769505e+00
4.920000000000000000e+02,-9.500207001247362726e+00
4.930000000000000000e+02,-1.004777059086984359e+01
4.940000000000000000e+02,-9.577316630441931267e+00
4.950000000000000000e+02,-9.867448467047683636e+00
4.960000000000000000e+02,-9.394975991281871330e+00
4.970000000000000000e+02,-9.301270029623342595e+00
4.980000000000000000e+02,-9.646467067892601222e+00
4.990000000000000000e+02,-9.546336354853222517e+00
5.000000000000000000e+02,-9.672485827738860564e+00
5.010000000000000000e+02,-9.699167754931620422e+00
5.020000000000000000e+02,-1.022180861154944509e+01
5.030000000000000000e+02,-9.836727046920088924e+00
5.040000000000000000e+02,-1.025572738586602561e+01
5.050000000000000000e+02,-9.525860652372308834e+00
5.060000000000000000e+02,-1.008892385191075114e+01
5.070000000000000000e+02,-1.001710165285022036e+01
5.080000000000000000e+02,-9.799750188838428855e+00
5.090000000000000000e+02,-9.736526043092563754e+00
5.100000000000000000e+02,-9.502706113581504965e+00
5.110000000000000000e+02,-1.008103417679011216e+01
