0.000000000000000000e+00,4.538591125487601019e-02
1.000000000000000000e+00,1.208659052463223471e-02
2.000000000000000000e+00,6.719303861998187077e-01
3.000000000000000000e+00,6.690459390901147829e-01
4.000000000000000000e+00,1.056862927030928656e+00
5.000000000000000000e+00,1.040262406247884019e+00
6.000000000000000000e+00,1.491843869656165777e+00
7.000000000000000000e+00,1.926057566725633219e+00
8.000000000000000000e+00,2.016923733680852315e+00
9.000000000000000000e+00,2.055841625574290177e+00
1.000000000000000000e+01,2.348786847608255623e+00
1.100000000000000000e+01,2.801198820676515044e+00
1.200000000000000000e+01,2.760512824431560652e+00
1.300000000000000000e+01,3.321893043794626355e+00
1.400000000000000000e+01,3.390605683277962079e+00
1.500000000000000000e+01,3.879480531402175636e+00
1.600000000000000000e+01,3.917402394949850652e+00
1.700000000000000000e+01,4.236735333247684032e+00
1.800000000000000000e+01,4.437416606479044567e+00
1.900000000000000000e+01,4.782532186444371725e+00
2.000000000000000000e+01,4.681190734449879542e+00
2.100000000000000000e+01,5.008861713277443783e+00
2.200000000000000000e+01,5.363643503791714728e+00
2.300000000000000000e+01,5.233375842491001073e+00
2.400000000000000000e+01,5.561455529617596483e+00
2.500000000000000000e+01,5.748366767189578397e+00
2.600000000000000000e+01,6.189879485183816143e+00
2.700000000000000000e+01,6.257137488823766525e+00
2.800000000000000000e+01,6.659502913917628497e+00
2.900000000000000000e+01,6.648609604942738116e+00
3.000000000000000000e+01,6.842316721396316304e+00
3.100000000000000000e+01,7.118757749593773276e+00
3.200000000000000000e+01,7.104350104128884347e+00
3.300000000000000000e+01,7.521555815752254404e+00
3.400000000000000000e+01,7.519723164919266623e+00
3.500000000000000000e+01,7.891719811975376864e+00
3.600000000000000000e+01,7.781517484109550686e+00
3.700000000000000000e+01,7.786519862887415044e+00
3.800000000000000000e+01,8.175224937293776861e+00
3.900000000000000000e+01,8.068596203417961021e+00
4.000000000000000000e+01,8.606466069921422601e+00
4.100000000000000000e+01,8.564706074431629901e+00
4.200000000000000000e+01,8.701772218208617460e+00
4.300000000000000000e+01,9.061961845147838090e+00
4.400000000000000000e+01,8.738090281971325979e+00
4.500000000000000000e+01,8.877618447649656019e+00
4.600000000000000000e+01,8.969830590358025546e+00
4.700000000000000000e+01,9.017363137676158047e+00
4.800000000000000000e+01,9.292743168951455246e+00
4.900000000000000000e+01,9.390868008725007599e+00
5.000000000000000000e+01,9.581937130280604009e+00
5.100000000000000000e+01,9.486909511355193558e+00
5.200000000000000000e+01,9.618915201109105695e+00
5.300000000000000000e+01,9.585815338878646230e+00
5.400000000000000000e+01,9.832690275536231539e+00
5.500000000000000000e+01,9.615322533872120658e+00
5.600000000000000000e+01,9.731083141834412586e+00
5.700000000000000000e+01,1.000752376007202038e+01
5.800000000000000000e+01,9.724760397449298210e+00
5.900000000000000000e+01,9.821443378031904814e+00
6.000000000000000000e+01,1.009993699452886418e+01
6.100000000000000000e+01,1.022407725239945897e+01
6.200000000000000000e+01,9.774290739101983760e+00
6.300000000000000000e+01,9.835685524827502135e+00
6.400000000000000000e+01,1.013577504555159869e+01
6.500000000000000000e+01,9.999303444597250845e+00
6.600000000000000000e+01,1.015633354957058643e+01
6.700000000000000000e+01,9.793574065611140966e+00
6.800000000000000000e+01,9.936665852754476447e+00
6.900000000000000000e+01,9.975313616862740318e+00
7.000000000000000000e+01,9.925453417073873297e+00
7.100000000000000000e+01,9.894794732419477157e+00
7.200000000000000000e+01,9.918362949656344796e+00
7.300000000000000000e+01,9.817774131113111480e+00
7.400000000000000000e+01,9.462121900269906405e+00
7.500000000000000000e+01,9.757139690178876279e+00
7.600000000000000000e+01,9.261163319637404356e+00
7.700000000000000000e+01,9.527262285206157699e+00
7.800000000000000000e+01,9.069286043234539463e+00
7.900000000000000000e+01,8.959621136795332674e+00
8.000000000000000000e+01,9.222078066555459586e+00
8.100000000000000000e+01,8.833710275028213488e+00
8.200000000000000000e+01,8.904719734210850390e+00
8.300000000000000000e+01,8.611695012943085814e+00
8.400000000000000000e+01,8.524881278953092334e+00
8.500000000000000000e+01,8.492923229717026956e+00
8.600000000000000000e+01,8.166717359475818228e+00
8.700000000000000000e+01,8.011071583340557467e+00
8.800000000000000000e+01,7.917553283775902173e+00
8.900000000000000000e+01,7.707585556043894393e+00
9.000000000000000000e+01,7.707264287099942379e+00
9.100000000000000000e+01,7.698451115895180052e+00
9.200000000000000000e+01,7.334756177229489360e+00
9.300000000000000000e+01,7.443742478421111031e+00
9.400000000000000000e+01,7.050372129527880283e+00
9.500000000000000000e+01,6.866274965216267567e+00
9.600000000000000000e+01,6.813673051802789260e+00
9.700000000000000000e+01,6.654869664830667553e+00
9.800000000000000000e+01,6.309749609886099009e+00
9.900000000000000000e+01,6.013007502702693685e+00
1.000000000000000000e+02,5.737148929064352032e+00
1.010000000000000000e+02,5.802043528096723080e+00
1.020000000000000000e+02,5.525049926908065956e+00
1.030000000000000000e+02,5.336483054362038736e+00
1.040000000000000000e+02,4.958924806405808461e+00
1.050000000000000000e+02,5.064231506079958756e+00
1.060000000000000000e+02,4.716800587803299472e+00
1.070000000000000000e+02,4.419873180997128337e+00
1.080000000000000000e+02,4.193618991727031897e+00
1.090000000000000000e+02,4.118204138561372574e+00
1.100000000000000000e+02,3.614507748343629867e+00
1.110000000000000000e+02,3.335661306186687547e+00
1.120000000000000000e+02,2.978575493541547825e+00
1.130000000000000000e+02,2.904387985211880796e+00
1.140000000000000000e+02,2.845827137379511651e+00
1.150000000000000000e+02,2.482889836910896708e+00
1.160000000000000000e+02,2.344841286649778311e+00
1.170000000000000000e+02,2.119860685385521304e+00
1.180000000000000000e+02,1.554959004161441616e+00
1.190000000000000000e+02,1.745638850117674723e+00
1.200000000000000000e+02,1.510774957342907010e+00
1.210000000000000000e+02,8.824529433761705288e-01
1.220000000000000000e+02,9.330775318103270433e-01
1.230000000000000000e+02,3.883903476376792674e-01
1.240000000000000000e+02,6.272010416860227533e-01
1.250000000000000000e+02,1.508416455372750542e-01
1.260000000000000000e+02,-5.589909881665705571e-02
1.270000000000000000e+02,-8.970012500925811372e-02
1.280000000000000000e+02,-4.164914972910019886e-01
1.290000000000000000e+02,-6.124377692605506018e-01
1.300000000000000000e+02,-3.621461145975922724e-01
1.310000000000000000e+02,-9.181603664808315468e-01
1.320000000000000000e+02,-9.961288820370518549e-01
1.330000000000000000e+02,-7.948095134462873634e-01
1.340000000000000000e+02,-9.607422780340726387e-01
1.350000000000000000e+02,-6.255969050524496922e-01
1.360000000000000000e+02,-8.449442935741640071e-01
1.370000000000000000e+02,-9.487429431422369497e-01
1.380000000000000000e+02,-1.010331401728558731e+00
1.390000000000000000e+02,-6.086634513613460307e-01
1.400000000000000000e+02,-4.891498241034213379e-01
1.410000000000000000e+02,-3.303520385251426106e-01
1.420000000000000000e+02,-3.794795451356494098e-01
1.430000000000000000e+02,-4.903305276903209275e-01
1.440000000000000000e+02,-5.865272856918677391e-01
1.450000000000000000e+02,-2.489958628945707630e-01
1.460000000000000000e+02,-2.370490911625529051e-01
1.470000000000000000e+02,-5.916535167722614119e-01
1.480000000000000000e+02,-6.793499837917087447e-01
1.490000000000000000e+02,-8.691976725727457165e-01
1.500000000000000000e+02,-8.494727467172467072e-01
1.510000000000000000e+02,-9.848979878805650401e-01
1.520000000000000000e+02,-1.225877913985983447e+00
1.530000000000000000e+02,-1.673683582752522270e+00
1.540000000000000000e+02,-2.137645777780790013e+00
1.550000000000000000e+02,-2.574480417002283694e+00
1.560000000000000000e+02,-2.875710605640697359e+00
1.570000000000000000e+02,-3.216717553916559780e+00
1.580000000000000000e+02,-3.987826185278653846e+00
1.590000000000000000e+02,-4.103045400522173480e+00
1.600000000000000000e+02,-4.545675752009906034e+00
1.610000000000000000e+02,-5.006200472532487566e+00
1.620000000000000000e+02,-5.760685279744061305e+00
1.630000000000000000e+02,-5.970023488508473974e+00
1.640000000000000000e+02,-6.314071805378407731e+00
1.650000000000000000e+02,-6.874191749815306451e+00
1.660000000000000000e+02,-7.405391479225496454e+00
1.670000000000000000e+02,-7.482139589128985691e+00
1.680000000000000000e+02,-7.974685309953883028e+00
1.690000000000000000e+02,-8.207790593033299942e+00
1.700000000000000000e+02,-8.313847790949907335e+00
1.710000000000000000e+02,-8.658779505428810808e+00
1.720000000000000000e+02,-8.586674137412705576e+00
1.730000000000000000e+02,-8.985017215616872832e+00
1.740000000000000000e+02,-9.040247280457096579e+00
1.750000000000000000e+02,-9.332411389221977771e+00
1.760000000000000000e+02,-9.511473290240848755e+00
1.770000000000000000e+02,-9.512736583117629152e+00
1.780000000000000000e+02,-9.518150832965003971e+00
1.790000000000000000e+02,-9.471363372961931759e+00
1.800000000000000000e+02,-9.599893057919359762e+00
1.810000000000000000e+02,-9.904136401538659484e+00
1.820000000000000000e+02,-9.712503345162549095e+00
1.830000000000000000e+02,-1.008612825950536873e+01
1.840000000000000000e+02,-1.000138256442302342e+01
1.850000000000000000e+02,-9.919250212065531258e+00
1.860000000000000000e+02,-1.014857092941851846e+01
1.870000000000000000e+02,-9.944394493655762446e+00
1.880000000000000000e+02,-1.016511444778463868e+01
1.890000000000000000e+02,-9.880347351104576958e+00
1.900000000000000000e+02,-9.859476125119883250e+00
1.910000000000000000e+02,-9.891557117188611414e+00
1.920000000000000000e+02,-9.822525722190302844e+00
1.930000000000000000e+02,-1.001682980189637462e+01
1.940000000000000000e+02,-9.779847669444009739e+00
1.950000000000000000e+02,-9.654490794616064520e+00
1.960000000000000000e+02,-9.652062665052000057e+00
1.970000000000000000e+02,-9.833636890828504562e+00
1.980000000000000000e+02,-9.429471347976818407e+00
1.990000000000000000e+02,-9.821571076738038641e+00
2.000000000000000000e+02,-9.437492412009678588e+00
2.010000000000000000e+02,-9.365247038185660955e+00
2.020000000000000000e+02,-9.390606115438256296e+00
2.030000000000000000e+02,-9.221447931009892685e+00
2.040000000000000000e+02,-9.298258061426862398e+00
2.050000000000000000e+02,-8.865014132657602630e+00
2.060000000000000000e+02,-9.176255249308990614e+00
2.070000000000000000e+02,-8.647940346868274730e+00
2.080000000000000000e+02,-8.603123953492980647e+00
2.090000000000000000e+02,-8.706418706674181607e+00
2.100000000000000000e+02,-8.639421457271174276e+00
2.110000000000000000e+02,-8.121965288843343345e+00
2.120000000000000000e+02,-8.355159811561007288e+00
2.130000000000000000e+02,-7.954728699354681076e+00
2.140000000000000000e+02,-7.713782983726534148e+00
2.150000000000000000e+02,-7.788783137433170189e+00
2.160000000000000000e+02,-7.749898457275857133e+00
2.170000000000000000e+02,-7.150285469539662486e+00
2.180000000000000000e+02,-7.252426479499826328e+00
2.190000000000000000e+02,-7.102420862449079664e+00
2.200000000000000000e+02,-7.002702806232383281e+00
2.210000000000000000e+02,-6.499128878721935010e+00
2.220000000000000000e+02,-6.615305751221388419e+00
2.230000000000000000e+02,-6.425795744169836787e+00
2.240000000000000000e+02,-6.132895224216531105e+00
2.250000000000000000e+02,-5.793722736424095743e+00
2.260000000000000000e+02,-5.680223350806818949e+00
2.270000000000000000e+02,-5.481253946134087229e+00
2.280000000000000000e+02,-5.398196058026385025e+00
2.290000000000000000e+02,-5.170143383038785956e+00
2.300000000000000000e+02,-4.905760779244537240e+00
2.310000000000000000e+02,-4.749923512786429214e+00
2.320000000000000000e+02,-4.379577953629167908e+00
2.330000000000000000e+02,-3.901901129442973293e+00
2.340000000000000000e+02,-3.836179727381511473e+00
2.350000000000000000e+02,-3.447614887857790134e+00
2.360000000000000000e+02,-3.660290302093922588e+00
2.370000000000000000e+02,-3.171908627943186509e+00
2.380000000000000000e+02,-3.212782795114136558e+00
2.390000000000000000e+02,-2.856644589572052251e+00
2.400000000000000000e+02,-2.556664722220170383e+00
2.410000000000000000e+02,-2.333208481538334489e+00
2.420000000000000000e+02,-1.862528311489552557e+00
2.430000000000000000e+02,-1.853203792431941554e+00
2.440000000000000000e+02,-1.299407646501803182e+00
2.450000000000000000e+02,-1.276598120069984299e+00
2.460000000000000000e+02,-9.958378794283293534e-01
2.470000000000000000e+02,-6.989362373113926497e-01
2.480000000000000000e+02,-3.213148705538862449e-01
2.490000000000000000e+02,-3.439189041075009778e-01
2.500000000000000000e+02,-1.872551863302455155e-01
2.510000000000000000e+02,4.908043937550653490e-01
2.520000000000000000e+02,7.299720520717267735e-01
2.530000000000000000e+02,7.616816216135291473e-01
2.540000000000000000e+02,1.222933678009234137e+00
2.550000000000000000e+02,1.177416460836726797e+00
